phenotype:	40	genotype: 11111111 11111111 11111111 11111111 11111111
phenotype:	40	genotype: 11111111 11111111 11111111 11111111 11111111
phenotype:	40	genotype: 11111111 11111111 11111111 11111111 11111111
phenotype:	40	genotype: 11111111 11111111 11111111 11111111 11111111
phenotype:	40	genotype: 11111111 11111111 11111111 11111111 11111111
phenotype:	40	genotype: 11111111 11111111 11111111 11111111 11111111
phenotype:	40	genotype: 11111111 11111111 11111111 11111111 11111111
phenotype:	40	genotype: 11111111 11111111 11111111 11111111 11111111
phenotype:	40	genotype: 11111111 11111111 11111111 11111111 11111111
phenotype:	40	genotype: 11111111 11111111 11111111 11111111 11111111
phenotype:	40	genotype: 11111111 11111111 11111111 11111111 11111111
phenotype:	40	genotype: 11111111 11111111 11111111 11111111 11111111
phenotype:	40	genotype: 11111111 11111111 11111111 11111111 11111111
phenotype:	40	genotype: 11111111 11111111 11111111 11111111 11111111
phenotype:	40	genotype: 11111111 11111111 11111111 11111111 11111111
phenotype:	40	genotype: 11111111 11111111 11111111 11111111 11111111
phenotype:	40	genotype: 11111111 11111111 11111111 11111111 11111111
phenotype:	40	genotype: 11111111 11111111 11111111 11111111 11111111
phenotype:	40	genotype: 11111111 11111111 11111111 11111111 11111111
phenotype:	40	genotype: 11111111 11111111 11111111 11111111 11111111
phenotype:	40	genotype: 11111111 11111111 11111111 11111111 11111111
phenotype:	40	genotype: 11111111 11111111 11111111 11111111 11111111
phenotype:	40	genotype: 11111111 11111111 11111111 11111111 11111111
phenotype:	40	genotype: 11111111 11111111 11111111 11111111 11111111
phenotype:	40	genotype: 11111111 11111111 11111111 11111111 11111111
phenotype:	40	genotype: 11111111 11111111 11111111 11111111 11111111
phenotype:	40	genotype: 11111111 11111111 11111111 11111111 11111111
phenotype:	40	genotype: 11111111 11111111 11111111 11111111 11111111
phenotype:	40	genotype: 11111111 11111111 11111111 11111111 11111111
phenotype:	40	genotype: 11111111 11111111 11111111 11111111 11111111
phenotype:	40	genotype: 11111111 11111111 11111111 11111111 11111111
phenotype:	40	genotype: 11111111 11111111 11111111 11111111 11111111
phenotype:	40	genotype: 11111111 11111111 11111111 11111111 11111111
phenotype:	40	genotype: 11111111 11111111 11111111 11111111 11111111
phenotype:	40	genotype: 11111111 11111111 11111111 11111111 11111111
phenotype:	40	genotype: 11111111 11111111 11111111 11111111 11111111
phenotype:	40	genotype: 11111111 11111111 11111111 11111111 11111111
phenotype:	40	genotype: 11111111 11111111 11111111 11111111 11111111
phenotype:	40	genotype: 11111111 11111111 11111111 11111111 11111111
phenotype:	40	genotype: 11111111 11111111 11111111 11111111 11111111
phenotype:	40	genotype: 11111111 11111111 11111111 11111111 11111111
phenotype:	40	genotype: 11111111 11111111 11111111 11111111 11111111
phenotype:	40	genotype: 11111111 11111111 11111111 11111111 11111111
phenotype:	40	genotype: 11111111 11111111 11111111 11111111 11111111
phenotype:	40	genotype: 11111111 11111111 11111111 11111111 11111111
phenotype:	40	genotype: 11111111 11111111 11111111 11111111 11111111
phenotype:	40	genotype: 11111111 11111111 11111111 11111111 11111111
phenotype:	40	genotype: 11111111 11111111 11111111 11111111 11111111
phenotype:	40	genotype: 11111111 11111111 11111111 11111111 11111111
phenotype:	40	genotype: 11111111 11111111 11111111 11111111 11111111
phenotype:	40	genotype: 11111111 11111111 11111111 11111111 11111111
phenotype:	40	genotype: 11111111 11111111 11111111 11111111 11111111
phenotype:	40	genotype: 11111111 11111111 11111111 11111111 11111111
phenotype:	40	genotype: 11111111 11111111 11111111 11111111 11111111
phenotype:	40	genotype: 11111111 11111111 11111111 11111111 11111111
phenotype:	40	genotype: 11111111 11111111 11111111 11111111 11111111
phenotype:	40	genotype: 11111111 11111111 11111111 11111111 11111111
phenotype:	40	genotype: 11111111 11111111 11111111 11111111 11111111
phenotype:	40	genotype: 11111111 11111111 11111111 11111111 11111111
phenotype:	40	genotype: 11111111 11111111 11111111 11111111 11111111
phenotype:	40	genotype: 11111111 11111111 11111111 11111111 11111111
phenotype:	40	genotype: 11111111 11111111 11111111 11111111 11111111
phenotype:	40	genotype: 11111111 11111111 11111111 11111111 11111111
phenotype:	40	genotype: 11111111 11111111 11111111 11111111 11111111
phenotype:	40	genotype: 11111111 11111111 11111111 11111111 11111111
phenotype:	40	genotype: 11111111 11111111 11111111 11111111 11111111
phenotype:	40	genotype: 11111111 11111111 11111111 11111111 11111111
phenotype:	40	genotype: 11111111 11111111 11111111 11111111 11111111
phenotype:	40	genotype: 11111111 11111111 11111111 11111111 11111111
phenotype:	40	genotype: 11111111 11111111 11111111 11111111 11111111
phenotype:	40	genotype: 11111111 11111111 11111111 11111111 11111111
phenotype:	40	genotype: 11111111 11111111 11111111 11111111 11111111
phenotype:	40	genotype: 11111111 11111111 11111111 11111111 11111111
phenotype:	40	genotype: 11111111 11111111 11111111 11111111 11111111
phenotype:	40	genotype: 11111111 11111111 11111111 11111111 11111111
phenotype:	40	genotype: 11111111 11111111 11111111 11111111 11111111
phenotype:	40	genotype: 11111111 11111111 11111111 11111111 11111111
phenotype:	40	genotype: 11111111 11111111 11111111 11111111 11111111
phenotype:	40	genotype: 11111111 11111111 11111111 11111111 11111111
phenotype:	40	genotype: 11111111 11111111 11111111 11111111 11111111
phenotype:	40	genotype: 11111111 11111111 11111111 11111111 11111111
phenotype:	40	genotype: 11111111 11111111 11111111 11111111 11111111
phenotype:	40	genotype: 11111111 11111111 11111111 11111111 11111111
phenotype:	40	genotype: 11111111 11111111 11111111 11111111 11111111
phenotype:	40	genotype: 11111111 11111111 11111111 11111111 11111111
phenotype:	40	genotype: 11111111 11111111 11111111 11111111 11111111
